"Ne"	"alpha"	"l"	"gamma_2"	"v"	"P_1"	"P_2"	"frac"
"1"	100	0	10	20	0.911611767187249	0.911611767187249	0.00441941164063754	0.00482452098005269
"2"	100	0	10	40	0.91156805215707	0.91156805215707	0.00221079869607325	0.00241940234665002
"3"	100	0	10	60	0.911553479712247	0.911553479712247	0.00147410867146255	0.00161452807145959
"4"	100	0	10	80	0.911546192904625	0.911546192904625	0.00110567258869218	0.0012114943610996
"5"	100	0	10	100	0.911541819433849	0.911541819433849	0.00088458180566151	0.000969482913317529
"6"	100	0	20	20	0.910182181958535	0.910182181958535	0.00449089090207324	0.00490983175882519
"7"	100	0	20	40	0.910159944080755	0.910159944080755	0.00224600139798113	0.00246162512323685
"8"	100	0	20	60	0.910152531941226	0.910152531941226	0.00149745780097957	0.00164257973765021
"9"	100	0	20	80	0.91014882055583	0.91014882055583	0.00112313974305213	0.00123249676494354
"10"	100	0	20	100	0.910146600436079	0.910146600436079	0.000898533995639207	0.000986267267866684
"11"	100	0	30	20	0.909845288126918	0.909845288126918	0.00450773559365412	0.00492997286246378
"12"	100	0	30	40	0.909830395122424	0.909830395122424	0.00225424012193939	0.00247152515767952
"13"	100	0	30	60	0.909825429502657	0.909825429502657	0.00150290950828904	0.00164914163639433
"14"	100	0	30	80	0.909822949750951	0.909822949750951	0.00112721312811312	0.00123740372859757
"15"	100	0	30	100	0.909821461471515	0.909821461471515	0.000901785385284848	0.000990185974056554
"16"	100	0	40	20	0.909701570966664	0.909701570966664	0.0045149214516668	0.00493856924383819
"17"	100	0	40	40	0.909690379442263	0.909690379442263	0.00225774051394342	0.00247573350340569
"18"	100	0	40	60	0.909686647913784	0.909686647913785	0.00150522253477026	0.00165192708976791
"19"	100	0	40	80	0.909684786638101	0.909684786638101	0.00112894016702374	0.00123948523589311
"20"	100	0	40	100	0.909683663892391	0.909683663892391	0.000903163361076091	0.000991847602057053
"21"	100	0	50	20	0.909623063014689	0.909623063014689	0.00451884684926555	0.00494326624838594
"22"	100	0	50	40	0.909614099883794	0.909614099883794	0.00225964750290514	0.00247802671080396
"23"	100	0	50	60	0.90961111269582	0.90961111269582	0.00150648145506967	0.00165344349043509
"24"	100	0	50	80	0.909609618982863	0.909609618982863	0.00112987976271422	0.00124061794209044
"25"	100	0	50	100	0.909608722633385	0.909608722633385	0.000903912773666152	0.000992751488025262
"26"	100	1	10	20	0.911761874989915	2.47842573666683	0.0119928045896105	0.00481557794038909
"27"	100	1	10	40	0.911643152095641	2.47810301438071	0.00600447035195846	0.00241715400354532
"28"	100	1	10	60	0.911603556598405	2.47799538266008	0.00400477409664941	0.00161352693139331
"29"	100	1	10	80	0.91158375483396	2.47794155588362	0.00300425340719284	0.0012109306845568
"30"	100	1	10	100	0.911571866924453	2.47790924119523	0.00240372587263818	0.000969122003776717
"31"	100	1	20	20	0.910258579069967	2.47433935468484	0.0121971236887101	0.0049052663392609
"32"	100	1	20	40	0.910198148634764	2.47417508773094	0.00610266851820254	0.00246047786495954
"33"	100	1	20	60	0.910178002959686	2.47412032610846	0.00406935837250978	0.00164206896590406
"34"	100	1	20	80	0.910167932689509	2.47409295227603	0.00305236095228771	0.00123220908195723
"35"	100	1	20	100	0.910161885658493	2.4740765147415	0.00244205313717545	0.000986083112337514
"36"	100	1	30	20	0.909896457688136	2.47335500671291	0.0122463410873066	0.00492691279643243
"37"	100	1	30	40	0.909855983004743	2.47324498511653	0.00612592108356279	0.00247075621813738
"38"	100	1	30	60	0.909842490353126	2.47320830828683	0.00408455866953698	0.0016487992695653
"39"	100	1	30	80	0.909835745022695	2.47318997257769	0.00306364819851695	0.0012372109919648
"40"	100	1	30	100	0.90983169428809	2.47317896153942	0.00245102866919623	0.000990062601798458
"41"	100	1	40	20	0.909740024834012	2.47292977812818	0.0122676025165435	0.00493626889038526
"42"	100	1	40	40	0.909709612438072	2.47284710866493	0.0061358679948528	0.0024751553571055
"43"	100	1	40	60	0.909699471476332	2.47281954267291	0.00409103809643559	0.00165166967600618
"44"	100	1	40	80	0.909694398159266	2.47280575196732	0.00306845095614656	0.00123934041257968
"45"	100	1	40	100	0.909691355291731	2.47279748059579	0.00245484347863252	0.000991754842428223
"46"	100	1	50	20	0.90965386717699	2.47269557733471	0.0122793125562168	0.00494142319351799
"47"	100	1	50	40	0.909629503668737	2.47262935045295	0.00614131195015244	0.00247756359363984
"48"	100	1	50	60	0.909621380030911	2.47260726811587	0.00409457600571965	0.00165323735492751
"49"	100	1	50	80	0.90961732013954	2.47259623218693	0.00307106995340149	0.00124050188437938
"50"	100	1	50	100	0.9096148827449	2.47258960666137	0.00245692221797677	0.000992677183765599
"51"	100	2	10	20	0.912169156377994	6.74006906819124	0.0324493515369704	0.00479132717342578
"52"	100	2	10	40	0.911847096060531	6.73768934643827	0.0162841688123095	0.00241105014337701
"53"	100	2	10	60	0.91173958337136	6.73689492914664	0.0108693528297335	0.00161080802107538
"54"	100	2	10	80	0.911685802130738	6.73649753654261	0.00815698202985049	0.00120939953371799
"55"	100	2	10	100	0.911653518992261	6.73625899462136	0.00652797104309295	0.000968141374825368
"56"	100	2	20	20	0.910466044646671	6.72748468006575	0.033078570943245	0.00489287204558114
"57"	100	2	20	40	0.910301966808926	6.72627229971807	0.0165695949803146	0.00245736074478368
"58"	100	2	20	60	0.91024723148888	6.72586785736765	0.0110531373593834	0.00164068086415658
"59"	100	2	20	80	0.910219854807772	6.72566556953514	0.00829238161744386	0.00123142759096447
"60"	100	2	20	100	0.910203428360215	6.72554419359264	0.00663511905338015	0.000985582639029899
"61"	100	2	30	20	0.910035451295982	6.72430300164168	0.0332376548644485	0.00491860227765665
"62"	100	2	30	40	0.909925515113221	6.72349067701996	0.0166391355477672	0.00246866692637606
"63"	100	2	30	60	0.909888856971655	6.72321980795545	0.0110972715162534	0.00164786887598169
"64"	100	2	30	80	0.90987052137915	6.72308432523382	0.00832464717121036	0.00123668717876699
"65"	100	2	30	100	0.909859519428697	6.72300303120473	0.00666053067725924	0.000989727141039513
"66"	100	2	40	20	0.909844507582532	6.72289210783126	0.0333081995549695	0.00493001954346369
"67"	100	2	40	40	0.909761870860279	6.7222815004547	0.0166693649618988	0.00247358458234853
"68"	100	2	40	60	0.909734316405188	6.72207789904026	0.0111163033315065	0.00165097025236415
"69"	100	2	40	80	0.909720534588329	6.72197606442234	0.00833850043135386	0.0012389466125251
"70"	100	2	40	100	0.909712264239649	6.72191495435199	0.0066714114457866	0.000991502684679532
"71"	100	2	50	20	0.909737556466207	6.7221018400329	0.0333477129448877	0.00493641654539307
"72"	100	2	50	40	0.909671362239899	6.72161272718128	0.0166860842937343	0.00247630518630588
"73"	100	2	50	60	0.909649290526321	6.72144963805145	0.0111267743479867	0.00165267702383509
"74"	100	2	50	80	0.909638251537998	6.72136807034746	0.0083461003572899	0.0012401864545186
"75"	100	2	50	100	0.909631629137869	6.7213191370614	0.00667736961869253	0.000992475191100754
"76"	100	3	10	20	0.913270519340958	18.3435287370816	0.0871004093053039	0.00472585111520075
"77"	100	3	10	40	0.912400047005489	18.3260448328469	0.0439873022585187	0.00239451417041662
"78"	100	3	10	60	0.912108726383553	18.3201935017385	0.0294223903574858	0.00160343358305169
"79"	100	3	10	80	0.91196284517681	18.3172633993741	0.0221034190476696	0.00120524439401402
"80"	100	3	10	100	0.911875244547843	18.3155038937065	0.0177003302948118	0.000965479360756752
"81"	100	3	20	20	0.911028545934187	18.2984974974391	0.0893519712874287	0.00485929425512188
"82"	100	3	20	40	0.910583793168868	18.2895643993496	0.0448993130959521	0.00244890244951502
"83"	100	3	20	60	0.91043524411811	18.2865807119057	0.0299826035213666	0.00163691206723883
"84"	100	3	20	80	0.910360916829863	18.2850878084132	0.022505613934681	0.00122930487997449
"85"	100	3	20	100	0.910316297490735	18.2841916050297	0.0180134531815801	0.000984223109963378
"86"	100	3	30	20	0.910412626764635	18.2861264302173	0.0899705246485161	0.00489606279665892
"87"	100	3	30	40	0.910114362774361	18.2801356378278	0.0451350321339956	0.0024629940232195
"88"	100	3	30	60	0.910014809595319	18.2781360587744	0.0301233477402216	0.0016453419777034
"89"	100	3	30	80	0.909965008680486	18.2771357806607	0.0226050142815873	0.00123526417859617
"90"	100	3	30	100	0.90993512152229	18.2765354810412	0.0180900144214645	0.000988815782315473
"91"	100	3	40	20	0.910128143152611	18.280412424124	0.0902562249531837	0.00491306150458043
"92"	100	3	40	40	0.909903834667465	18.2759070677634	0.0452407463856065	0.00246931834427252
"93"	100	3	40	60	0.90982898757368	18.2744037236976	0.0301855533248345	0.00164907023413665
"94"	100	3	40	80	0.909791555882267	18.2736518880776	0.0226485629388754	0.00123787664066355
"95"	100	3	40	100	0.909769085742906	18.2732005632638	0.0181233635992384	0.00099081748656925
"96"	100	3	50	20	0.909964813020674	18.2771318507283	0.0904202536229674	0.00492282548644829
"97"	100	3	50	40	0.909785084848552	18.273521913891	0.0453003752324162	0.0024728868765386
"98"	100	3	50	60	0.90972512607533	18.2723176097376	0.0302203218908344	0.00165115471983866
"99"	100	3	50	80	0.90969513753499	18.2717152738033	0.0226727706173043	0.00123932927202881
"100"	100	3	50	100	0.90967714372934	18.2713538585556	0.0181418306463211	0.000991926237585218
"101"	100	4	10	20	0.916221743667304	50.0240122243765	0.228706890438388	0.00455113463444335
"102"	100	4	10	40	0.913892517807253	49.8968408014084	0.117532730793397	0.00234997906587241
"103"	100	4	10	60	0.913107439680032	49.8539769880306	0.079069550751894	0.00158351144648227
"104"	100	4	10	80	0.912713276484551	49.8324564067462	0.0595711703299756	0.00119400179192851
"105"	100	4	10	100	0.912476264035	49.8195159654658	0.047786340676784	0.000958270017965213
"106"	100	4	20	20	0.912546742594597	49.8233639644368	0.23873930343537	0.0047688628293926
"107"	100	4	20	40	0.911347178710558	49.7578699955218	0.121007000940562	0.00242601694799874
"108"	100	4	20	60	0.910945121165211	49.7359183973389	0.0810371939300883	0.00162669904188788
"109"	100	4	20	80	0.910743678278218	49.7249199883718	0.0609153755596559	0.0012235483268357
"110"	100	4	20	100	0.910622680307903	49.7183137230348	0.0487983631010939	0.0009805343540255
"111"	100	4	30	20	0.9114330505168	49.7625584372826	0.241779579793084	0.00483517209467946
"112"	100	4	30	40	0.910626492806474	49.7185218784038	0.121990703868511	0.00244762137361929
"113"	100	4	30	60	0.910356655596976	49.7037892659551	0.0815726794531525	0.00163848722326455
"114"	100	4	30	80	0.910221549626212	49.696412729893	0.0612717162906406	0.00123140208336886
"115"	100	4	30	100	0.910140430211429	49.6919837599141	0.0490616627323018	0.000986341608131235
"116"	100	4	40	20	0.910896419658811	49.7332593851857	0.243244532397929	0.00486717784019195
"117"	100	4	40	40	0.9102890544192	49.7000983667085	0.122451291660893	0.00245774839907904
"118"	100	4	40	60	0.910086041689979	49.6890142472598	0.0818189297647399	0.0016439132026126
"119"	100	4	40	80	0.909984431541534	49.6834665211301	0.0614335439001765	0.00123497170202103
"120"	100	4	40	100	0.909923433919928	49.680136163834	0.0491801386931019	0.000988956662784496
"121"	100	4	50	20	0.910580811209637	49.7160277477259	0.244106114270915	0.00488601801879076
"122"	100	4	50	40	0.910093777480719	49.6894366071233	0.122717835650524	0.00246361228546151
"123"	100	4	50	60	0.909931074297678	49.6805533143247	0.0819599453136583	0.00164702182315488
"124"	100	4	50	80	0.909849657847335	49.6761081267538	0.0615255238298809	0.00123700142757312
"125"	100	4	50	100	0.909800785612888	49.6734397931649	0.0492471023997929	0.000990435261538245
"126"	100	5	10	20	0.923925337248616	137.122678075981	0.564524051329804	0.00410004737265142
"127"	100	5	10	40	0.917870560734383	136.224069565843	0.304727238418337	0.00223196311365153
"128"	100	5	10	60	0.915787275518149	135.91488262559	0.208304607949773	0.00153026543223966
"129"	100	5	10	80	0.914733542602336	135.758494794704	0.158183303848407	0.00116382555887445
"130"	100	5	10	100	0.914097448269042	135.664090025213	0.12749069077364	0.000938870363695757
"131"	100	5	20	20	0.916593021916932	136.034465994069	0.618934655425377	0.00452922980682272
"132"	100	5	20	40	0.913402231800052	135.56091075279	0.321306208744674	0.00236459351289234
"133"	100	5	20	60	0.91232221127836	135.40062149527	0.216875626788448	0.00159917142987277
"134"	100	5	20	80	0.911779133463347	135.320021601105	0.163664218768394	0.0012079994560082
"135"	100	5	20	100	0.911452311481185	135.271516918268	0.131416421843084	0.00097055816001405
"136"	100	5	30	20	0.914170933132762	135.674996145984	0.636908147829652	0.0046724323244493
"137"	100	5	30	40	0.912009652399059	135.354233644587	0.326473136449736	0.00240618687944043
"138"	100	5	30	60	0.911281911001447	135.246227244758	0.21944886429698	0.00161995917047146
"139"	100	5	30	80	0.910916671168128	135.192020847265	0.165264228191396	0.00122094816026539
"140"	100	5	30	100	0.91069709200744	135.159432410354	0.132537266922226	0.000979638830289619
"141"	100	5	40	20	0.912964573304087	135.495956472795	0.645860131489062	0.00474402463253701
"142"	100	5	40	40	0.911331137117523	135.253533048155	0.328990651360542	0.00242649747462783
"143"	100	5	40	60	0.910782536968924	135.172113567017	0.220684092259321	0.00162995444421412
"144"	100	5	40	80	0.910507470449912	135.131290075967	0.166023362832616	0.00122710021812602
"145"	100	5	40	100	0.910342184383008	135.106759448622	0.133063996539542	0.000983911344675019
"146"	100	5	50	20	0.912242319988649	135.388764576579	0.65121972629988	0.0047869729597293
"147"	100	5	50	40	0.910929654886367	135.193947801906	0.330480282516777	0.00243852925400955
"148"	100	5	50	60	0.910489464615718	135.128617773232	0.221409022155738	0.00163582547708282
"149"	100	5	50	80	0.910268878894776	135.095879949534	0.166465989413026	0.00123068979957041
"150"	100	5	50	100	0.910136362645887	135.076212794404	0.133369463081721	0.000986390615627667
"151"	1000	0	10	20	0.92768548505114	0.92768548505114	0.00361572574744299	0.00388244501941809
"152"	1000	0	10	40	0.927333800017472	0.927333800017472	0.00181665499956321	0.00195517850715566
"153"	1000	0	10	60	0.92721635403074	0.92721635403074	0.00121306076615433	0.0013065729573203
"154"	1000	0	10	80	0.927157590479186	0.927157590479186	0.00091053011901018	0.000981102678565544
"155"	1000	0	10	100	0.927122317289931	0.927122317289931	0.00072877682710069	0.000785445888592947
"156"	1000	0	20	20	0.916901530600489	0.916901530600489	0.00415492346997557	0.00451104104597883
"157"	1000	0	20	40	0.916699302739908	0.916699302739908	0.00208251743150231	0.00226660713760509
"158"	1000	0	20	60	0.916631828082918	0.916631828082918	0.00138946953195136	0.00151354825379473
"159"	1000	0	20	80	0.916598079947046	0.916598079947046	0.00104252400066192	0.00113609183832642
"160"	1000	0	20	100	0.916577830105036	0.916577830105036	0.000834221698949636	0.000909320623496535
"161"	1000	0	30	20	0.913945627542428	0.913945627542428	0.0043027186228786	0.00468578967862798
"162"	1000	0	30	40	0.91380517848012	0.91380517848012	0.002154870537997	0.0023525813601881
"163"	1000	0	30	60	0.913758332136225	0.913758332136225	0.00143736113106291	0.00157055058457658
"164"	1000	0	30	80	0.91373490349591	0.913734903495911	0.00107831370630112	0.00117872554312119
"165"	1000	0	30	100	0.913720840693024	0.913720840693024	0.000862791593069758	0.000943370909572396
"166"	1000	0	40	20	0.912622689784984	0.912622689784984	0.00436886551075079	0.00476434650408728
"167"	1000	0	40	40	0.912515318468937	0.912515318468937	0.00218711703827658	0.0023910694378591
"168"	1000	0	40	60	0.912479511169959	0.912479511169959	0.00145867481383402	0.00159603224397922
"169"	1000	0	40	80	0.912461605227852	0.912461605227852	0.00109422993465184	0.0011977701772954
"170"	1000	0	40	100	0.912450855744187	0.912450855744187	0.000875491442558127	0.000958574605073905
"171"	1000	0	50	20	0.911883040498403	0.911883040498403	0.00440584797507985	0.00480836123901916
"172"	1000	0	50	40	0.911796193606474	0.911796193606474	0.00220509515983814	0.00241257335951299
"173"	1000	0	50	60	0.911767235614166	0.911767235614166	0.00147054607309723	0.00161025540399818
"174"	1000	0	50	80	0.911752753662196	0.911752753662196	0.00110309057922255	0.00120839515481135
"175"	1000	0	50	100	0.911744061593265	0.911744061593265	0.000882559384067351	0.000967054175038437
"176"	1000	1	10	20	0.928886639831057	2.52497567375115	0.009665307735395	0.00381328472394793
"177"	1000	1	10	40	0.927937494320407	2.52239562875698	0.0048971549925516	0.00193770782081137
"178"	1000	1	10	60	0.927619511979049	2.5215312631367	0.0032791760887058	0.00129878110362687
"179"	1000	1	10	80	0.92746021677312	2.52109825387306	0.00246479468232482	0.000976712146635606
"180"	1000	1	10	100	0.927364541854711	2.52083818248091	0.00197443645978137	0.000782633020366934
"181"	1000	1	20	20	0.917594321182028	2.49427996916632	0.0112000929646363	0.00447023831237771
"182"	1000	1	20	40	0.917046610725225	2.49279113778433	0.00563726726686778	0.0022563253185365
"183"	1000	1	20	60	0.916863571464627	2.49229358548836	0.00376647071617815	0.00150896638356746
"184"	1000	1	20	80	0.916771959827455	2.49204455923976	0.00282796586524111	0.00113351116611543
"185"	1000	1	20	100	0.916716970289078	2.49189508217683	0.00226386746282214	0.000907667678176329
"186"	1000	1	30	20	0.914427273250901	2.48567104032528	0.0116305394066883	0.00465724264185048
"187"	1000	1	30	40	0.914046427476126	2.48463579417626	0.00584115085706959	0.00234539447101423
"188"	1000	1	30	60	0.913919259878427	2.48429011680627	0.00389986186087962	0.00156734891399597
"189"	1000	1	30	80	0.913855635059173	2.48411716661625	0.00292705827303494	0.00117692248643678
"190"	1000	1	30	100	0.913817445633622	2.48401335699474	0.0023426847146431	0.000942216108772778
"191"	1000	1	40	20	0.912991081609832	2.48176706668518	0.0118257380886935	0.00474244955553835
"192"	1000	1	40	40	0.912699764691981	2.48097518520106	0.00593266608144966	0.00238555927128147
"193"	1000	1	40	60	0.912602530739791	2.48071087591571	0.00395951587572225	0.00159357792035646
"194"	1000	1	40	80	0.912553888176659	2.48057865172026	0.00297128970923483	0.00119638814572201
"195"	1000	1	40	100	0.91252469674778	2.48049930118959	0.00237782527269453	0.000957689467332828
"196"	1000	1	50	20	0.912181113110186	2.47956534403096	0.011935824221404	0.00479061554274777
"197"	1000	1	50	40	0.91194539305686	2.4789245904934	0.00598393094914102	0.00240810915070113
"198"	1000	1	50	60	0.911866737378398	2.47871078219194	0.0039928507711185	0.00160826718022445
"199"	1000	1	50	80	0.911827392026736	2.47860383043748	0.00299597497526957	0.00120727563273292
"200"	1000	1	50	100	0.911803780487875	2.47853964762045	0.00239742180838594	0.000966337211019174
"201"	1000	2	10	20	0.93209286437323	6.88728646426675	0.0250884817331949	0.00362950244007136
"202"	1000	2	10	40	0.929563919766462	6.86859995069626	0.0130114037058598	0.00189074956950838
"203"	1000	2	10	60	0.928708935256583	6.86228242218904	0.00877956127902679	0.0012777589985581
"204"	1000	2	10	80	0.928279207896839	6.85910714262065	0.00662436195387497	0.000964844306751766
"205"	1000	2	10	100	0.928020655340061	6.8571966832741	0.00531859415656556	0.000775021102547818
"206"	1000	2	20	20	0.919460413116446	6.79394457326337	0.0297555762833642	0.00436062189592851
"207"	1000	2	20	40	0.917986429728292	6.78305322731941	0.015150071790281	0.00222854056045442
"208"	1000	2	20	60	0.917491618654288	6.77939704053522	0.0101609843065905	0.0014965604932476
"209"	1000	2	20	80	0.917243560913286	6.77756412797119	0.00764364963699331	0.00112651666500443
"210"	1000	2	20	100	0.917094516066772	6.77646282723903	0.00612593271691617	0.000903185042425594
"211"	1000	2	30	20	0.915728483467687	6.76636913573143	0.0311343481599611	0.00458026218504231
"212"	1000	2	30	40	0.914700216480787	6.75877121328055	0.0157571221412526	0.00232593641373729
"213"	1000	2	30	60	0.914355822834807	6.75622646931029	0.0105471604936727	0.00155866903057289
"214"	1000	2	30	80	0.91418332226819	6.75495185294646	0.00792630307480243	0.00117203103352458
"215"	1000	2	30	100	0.914079722192388	6.7541863461745	0.00634869752756152	0.000939082112069783
"216"	1000	2	40	20	0.91398783758258	6.753507405638	0.0317774346646327	0.00468328676135804
"217"	1000	2	40	40	0.913199980575934	6.74768588601796	0.0160342553228173	0.00237062666517111
"218"	1000	2	40	60	0.912936414513296	6.74573838159535	0.0107219619555884	0.00158691998626507
"219"	1000	2	40	80	0.912804455913787	6.74476333210084	0.00805365958537262	0.00119263702767126
"220"	1000	2	40	100	0.91272522296246	6.7441778753786	0.0064487822355205	0.000955286458961085
"221"	1000	2	50	20	0.912988320434116	6.74612191735615	0.0321467090787248	0.0047426136157181
"222"	1000	2	50	40	0.912350194885634	6.74140677188026	0.0161912331762597	0.00239600419618691
"223"	1000	2	50	60	0.912136871666371	6.73983051464592	0.0108204264047454	0.0016028715599775
"224"	1000	2	50	80	0.912030093370688	6.73904152382898	0.00812518218877093	0.0012042361694612
"225"	1000	2	50	100	0.911965989305474	6.73856785529494	0.00650488243635711	0.000964390257790611
"226"	1000	3	10	20	0.940363919672344	18.8877142298123	0.0598911346687663	0.00316088146848558
"227"	1000	3	10	40	0.933875731454198	18.7573954857922	0.0332035359348873	0.0017670291349677
"228"	1000	3	10	60	0.931622039926408	18.7121288813973	0.0228901340298398	0.00122178333584776
"229"	1000	3	10	80	0.930478400953597	18.6891582785821	0.0174547330575697	0.000933078213929428
"230"	1000	3	10	100	0.92978688680623	18.6752688456422	0.0141026807754542	0.000754582932632051
"231"	1000	3	20	20	0.924405094742717	18.5671726624376	0.0759182130375019	0.00407219025775237
"232"	1000	3	20	40	0.920509429110356	18.4889261265384	0.0399152699162305	0.00215422373488867
"233"	1000	3	20	60	0.919184784488338	18.4623199280728	0.0270536165852475	0.00146319811863305
"234"	1000	3	20	80	0.918517606272196	18.4489192953782	0.020457720347619	0.00110765622090015
"235"	1000	3	20	100	0.918115754442558	18.4408478856163	0.0164468903757137	0.000891078057500968
"236"	1000	3	30	20	0.919205661098451	18.4627392459961	0.0811398838595796	0.00437556151500925
"237"	1000	3	30	40	0.91646250946589	18.4076415725944	0.0419473837648326	0.00227362158929694
"238"	1000	3	30	60	0.915535923040592	18.3890305867365	0.0282751056075193	0.00153524658165787
"239"	1000	3	30	80	0.915070355224597	18.3796794071781	0.0213232189501197	0.00115880745105933
"240"	1000	3	30	100	0.914790290390295	18.3740541546078	0.0171148276857983	0.000930600317047594
"241"	1000	3	40	20	0.916662712179807	18.4116627515969	0.0836937085795407	0.0045251200624193
"242"	1000	3	40	40	0.914551108240793	18.3692500527127	0.0429071717618753	0.00233037178852897
"243"	1000	3	40	60	0.91384019529389	18.3549709844685	0.0288427656453202	0.00156892177202033
"244"	1000	3	40	80	0.913483423437585	18.3478050301755	0.0217216486626523	0.00118248276302491
"245"	1000	3	40	100	0.913268939822681	18.3434970116089	0.0174203991157875	0.00094877607289994
"246"	1000	3	50	20	0.915160061934855	18.3814812146192	0.0852027854284213	0.00461386491631098
"247"	1000	3	50	40	0.913444964004042	18.347032551803	0.0434626092846163	0.00236331914415108
"248"	1000	3	50	60	0.912868685236326	18.335457683336	0.0291679873308611	0.00158827018061414
"249"	1000	3	50	80	0.912579692941609	18.3296531179299	0.0219485475657216	0.00119600174228873
"250"	1000	3	50	100	0.912406024022252	18.3261648844378	0.0175937203874987	0.000959112075475671
"251"	1000	4	10	20	0.959460444608972	52.3847653056279	0.110669236375815	0.00210816878346371
"252"	1000	4	10	40	0.944767507113753	51.5825580998364	0.0753897983326967	0.0014594036619749
"253"	1000	4	10	60	0.939176895317448	51.2773210382046	0.0553471499156605	0.00107820520283162
"254"	1000	4	10	80	0.936253307250768	51.1176985383049	0.0435056436854916	0.000850363950205971
"255"	1000	4	10	100	0.934458602676621	51.0197109887005	0.0357843904444378	0.000700892042642974
"256"	1000	4	20	20	0.936878962769562	51.1518581721891	0.172314593047758	0.00335737691936988
"257"	1000	4	20	40	0.927130064922441	50.6195863848742	0.0994640912067513	0.0019610795208727
"258"	1000	4	20	60	0.923682448862214	50.4313529259612	0.06944661845305	0.00137515879113901
"259"	1000	4	20	80	0.921922087693247	50.3352404627454	0.0532863696299849	0.00105750997260248
"260"	1000	4	20	100	0.920854264049178	50.2769392672176	0.043212107659266	0.000858743594337443
"261"	1000	4	30	20	0.928207805723155	50.6784290388084	0.195986049716792	0.00385234993612726
"262"	1000	4	30	40	0.921141898556516	50.292643579204	0.107637661348506	0.00213565596657624
"263"	1000	4	30	60	0.918694667043261	50.1590292658775	0.0739853461211127	0.00147284304341632
"264"	1000	4	30	80	0.917454020873451	50.0912922801601	0.0563357219123012	0.00112339753956006
"265"	1000	4	30	100	0.916704213736535	50.0503541976028	0.045477958355414	0.00090781920168193
"266"	1000	4	40	20	0.923674976738518	50.4309449618306	0.208360253565682	0.00411459542502437
"267"	1000	4	40	40	0.918159782713653	50.1298255709992	0.111708111553627	0.00222342160690089
"268"	1000	4	40	60	0.916268550827484	50.0265678087306	0.07619303707356	0.00152073530055661
"269"	1000	4	40	80	0.915313125943183	49.9744033775521	0.0577968331949012	0.00115519271492055
"270"	1000	4	40	100	0.914736741103995	49.9429338316253	0.0465521620151892	0.000931239061372054
"271"	1000	4	50	20	0.920895585416857	50.2791953374497	0.215947734784725	0.00427660407805573
"272"	1000	4	50	40	0.916379220995098	50.0326101951462	0.114138495949951	0.00227608965544394
"273"	1000	4	50	60	0.914839520909094	49.9485454188445	0.0774934102383284	0.00154906148981912
"274"	1000	4	50	80	0.91406330071243	49.9061652320883	0.0586498100131992	0.00117382221797038
"275"	1000	4	50	100	0.913595534260601	49.8806260491709	0.0471752398397338	0.000944869163507855
"276"	1000	5	10	20	0.988620589510359	146.724304843084	0.0844427129746316	0.000575188565942825
"277"	1000	5	10	40	0.968116696406407	143.681257293625	0.118297545223792	0.000822655851447968
"278"	1000	5	10	60	0.956938567003	142.022275796008	0.106514721776145	0.000749423965321209
"279"	1000	5	10	80	0.950403794151647	141.052429513121	0.0920091198681978	0.000651879172564812
"280"	1000	5	10	100	0.946174857266201	140.424799630306	0.0798835947227026	0.000568547559334822
"281"	1000	5	20	20	0.96354499681392	143.002756914636	0.270520109397032	0.00188814072670128
"282"	1000	5	20	40	0.943324712017792	140.001800570089	0.210283963312194	0.001499756344198
"283"	1000	5	20	60	0.935116554657874	138.783602005892	0.160492618278072	0.00115508772583814
"284"	1000	5	20	80	0.930734425307268	138.133236345373	0.128499034465049	0.000929389712287579
"285"	1000	5	20	100	0.928016899842896	137.729919806264	0.10683239296313	0.000775064641748932
"286"	1000	5	30	20	0.949279268525663	140.885535112477	0.376381199504994	0.0026644208809524
"287"	1000	5	30	40	0.933024697869317	138.473142931512	0.248500404276603	0.00179136000915938
"288"	1000	5	30	60	0.926912534200594	137.566017412485	0.180785694834855	0.0013124492965111
"289"	1000	5	30	80	0.923727393114847	137.093300561762	0.141498231760182	0.00103106670468526
"290"	1000	5	30	100	0.921775374986131	136.803595384654	0.116095637179228	0.00084791045256387
"291"	1000	5	40	20	0.940781625577218	139.624373077572	0.439439301250218	0.00313742210630175
"292"	1000	5	40	40	0.927488160741033	137.651447965815	0.26904277841904	0.00195070925985875
"293"	1000	5	40	60	0.922657404203489	136.934500127223	0.191310982922566	0.001395149325818
"294"	1000	5	40	80	0.920167981869999	136.565037094369	0.148101525102595	0.00108330133151885
"295"	1000	5	40	100	0.918650826001636	136.339871199094	0.120732879034824	0.000884745306899707
"296"	1000	5	50	20	0.935220810312804	138.799074916995	0.480704209279093	0.00345135677479268
"297"	1000	5	50	40	0.924043631105653	137.140234441006	0.281823116539268	0.00205078516177256
"298"	1000	5	50	60	0.920059177032433	136.5488890247	0.197737834631274	0.00144601617731078
"299"	1000	5	50	80	0.91801902814005	136.246104082542	0.152088187750432	0.0011150308168971
"300"	1000	5	50	100	0.916779709307118	136.062172859411	0.123509862431653	0.000906922519042769
"301"	10000	0	10	20	0.981853526698449	0.981853526698449	0.000907323665077542	0.000923239529476494
"302"	10000	0	10	40	0.980641090558573	0.980641090558573	0.000483972736035673	0.000493283429546176
"303"	10000	0	10	60	0.980224097946083	0.980224097946083	0.000329598367565283	0.000336134949880251
"304"	10000	0	10	80	0.980013180232719	0.980013180232719	0.000249835247091014	0.00025486552399279
"305"	10000	0	10	100	0.979885855767069	0.979885855767069	0.000201141442329307	0.00020522815107436
"306"	10000	0	20	20	0.952210250590891	0.952210250590891	0.00238948747045544	0.0025031302389713
"307"	10000	0	20	40	0.95114385277672	0.95114385277672	0.001221403680582	0.0012824950010519
"308"	10000	0	20	60	0.950786024438097	0.950786024438097	0.00082023292603172	0.000861945704627561
"309"	10000	0	20	80	0.95060666898921	0.95060666898921	0.000617416637634874	0.000649075908573114
"310"	10000	0	20	100	0.950498923835062	0.950498923835062	0.000495010761649384	0.000520519367833091
"311"	10000	0	30	20	0.940337260925037	0.940337260925037	0.00298313695374815	0.00316237935748685
"312"	10000	0	30	40	0.939459723178799	0.939459723178799	0.00151350692053003	0.00160844843627513
"313"	10000	0	30	60	0.93916585074627	0.93916585074627	0.00101390248756218	0.00107841344601899
"314"	10000	0	30	80	0.939018661810503	0.939018661810503	0.000762266727368707	0.000811111083680593
"315"	10000	0	30	100	0.938930267971397	0.938930267971397	0.000610697320286031	0.00064999541568306
"316"	10000	0	40	20	0.933580176861215	0.933580176861215	0.00332099115693925	0.00354465473019338
"317"	10000	0	40	40	0.932838431598983	0.932838431598983	0.00167903921002542	0.00179669108654746
"318"	10000	0	40	60	0.932590272915143	0.932590272915143	0.00112349545141429	0.001203254669126
"319"	10000	0	40	80	0.932466024472013	0.932466024472013	0.000844174694099839	0.000904495305905889
"320"	10000	0	40	100	0.932391419922354	0.932391419922355	0.000676085800776456	0.000724584016300607
"321"	10000	0	50	20	0.929216666549123	0.929216666549123	0.00353916667254385	0.00379431202302948
"322"	10000	0	50	40	0.928575905475634	0.928575905475634	0.00178560236310916	0.00191925649122905
"323"	10000	0	50	60	0.928361660045312	0.928361660045312	0.00119397233257814	0.00128445494921465
"324"	10000	0	50	80	0.928254416131254	0.928254416131254	0.000896819798359319	0.000965203256133059
"325"	10000	0	50	100	0.928190028431306	0.928190028431306	0.000718099715686937	0.000773057844933943
"326"	10000	1	10	20	0.985587405102511	2.67910433364826	0.00195887474053927	0.000730633554035627
"327"	10000	1	10	40	0.982688930328347	2.6712254623394	0.00117640915299108	0.000440206679070361
"328"	10000	1	10	60	0.981630215598514	2.66834757732778	0.0008322375188545	0.000311795224220336
"329"	10000	1	10	80	0.981083165996667	2.66686054233581	0.000642766076540461	0.000240961679227691
"330"	10000	1	10	100	0.980749255145498	2.66595287853675	0.000523289499222935	0.000196247581544436
"331"	10000	1	20	20	0.95579121601429	2.59810989429242	0.00600859670833133	0.00230734382060405
"332"	10000	1	20	40	0.952969570246535	2.59043986587558	0.00319604906458658	0.00123226588827534
"333"	10000	1	20	60	0.952010787513902	2.58783362419602	0.00217413673771701	0.000839432518508439
"334"	10000	1	20	80	0.95152806641333	2.58652145220013	0.00164700470323647	0.000636359159251576
"335"	10000	1	20	100	0.95123738660585	2.58573130256155	0.00132550525897491	0.000512360321956588
"336"	10000	1	30	20	0.943305447200942	2.56417005581275	0.00770558863231459	0.00299609689487037
"337"	10000	1	30	40	0.940963774231945	2.55780472873294	0.00401192749315271	0.00156604786037375
"338"	10000	1	30	60	0.940172917751767	2.55565495793395	0.00271044784208494	0.00105944515821139
"339"	10000	1	30	80	0.939775585650852	2.55457489730417	0.00204633663943596	0.000800406650882529
"340"	10000	1	30	100	0.939536587956472	2.55392523421449	0.00164356594244555	0.000643131166081155
"341"	10000	1	40	20	0.936097567989063	2.54457700872937	0.00868524098648355	0.00340162511212865
"342"	10000	1	40	40	0.934110414734524	2.5391753661472	0.00447766155779618	0.00176032717867819
"343"	10000	1	40	60	0.933441181262902	2.53735620096229	0.00301542712494589	0.0011870023628064
"344"	10000	1	40	80	0.93310529501132	2.53644316746819	0.0022729832623857	0.00089532784582144
"345"	10000	1	40	100	0.932903358120949	2.5358942460886	0.00182387582370447	0.000718707017913435
"346"	10000	1	50	20	0.931395875512782	2.5317964835081	0.0093242672475473	0.00366935229062789
"347"	10000	1	50	40	0.929675074600419	2.52711886165763	0.00477907417003549	0.00188754613778428
"348"	10000	1	50	60	0.929096549170297	2.52554626649363	0.00321225936609033	0.00127029106703584
"349"	10000	1	50	80	0.928806370900867	2.52475748017682	0.00241905435352784	0.000957216213618177
"350"	10000	1	50	100	0.928631972441258	2.52428341601315	0.00193998412445893	0.000767938466706174
"351"	10000	2	10	20	0.992706783233743	7.33516611110311	0.00269449939137679	0.000367205038962331
"352"	10000	2	10	40	0.9874217080738	7.29611439425923	0.00232354261678543	0.000318361632568734
"353"	10000	2	10	60	0.985074226642703	7.27876872227366	0.00183812294428317	0.000252468370200553
"354"	10000	2	10	80	0.983777325863119	7.26918584965857	0.00149837811590104	0.000206084884030191
"355"	10000	2	10	100	0.982958505274144	7.26313553839167	0.0012592056053898	0.000173339369591713
"356"	10000	2	20	20	0.96481087504347	7.12904168055457	0.0130007209188042	0.00182030855993269
"357"	10000	2	20	40	0.957765435232619	7.07698253055055	0.00780183920950251	0.00110121053829148
"358"	10000	2	20	60	0.955267670179161	7.0585264044486	0.0055088282413675	0.000779841557963146
"359"	10000	2	20	80	0.953992503784694	7.04910412842441	0.00424939963132797	0.000602465141499766
"360"	10000	2	20	100	0.953219233732196	7.04339039262689	0.00345665706303765	0.00049052534256292
"361"	10000	2	30	20	0.950982296289439	7.02686153637256	0.0181097281279047	0.00257058935345265
"362"	10000	2	30	40	0.944958207142157	6.98234920371832	0.0101676723803082	0.00145407906201308
"363"	10000	2	30	60	0.942869228039267	6.96691361993758	0.0070357079832178	0.00100885562145537
"364"	10000	2	30	80	0.941810135162352	6.95908792325607	0.00537460219593219	0.000771718158621777
"365"	10000	2	30	100	0.941170087322109	6.95435857385852	0.0043469752507213	0.000624681590569347
"366"	10000	2	40	20	0.942683829806882	6.96554370199784	0.0211756198466404	0.00303083877728324
"367"	10000	2	40	40	0.937505610996106	6.92728155271248	0.0115443636554543	0.00166373444075349
"368"	10000	2	40	60	0.935726726140412	6.91413727272022	0.00791531377017376	0.00114349229094588
"369"	10000	2	40	80	0.934827645804514	6.90749391768082	0.00601952726562284	0.000870690035328263
"370"	10000	2	40	100	0.934285151410343	6.90348539616894	0.0048557070276171	0.000702875980656241
"371"	10000	2	50	20	0.937136342005636	6.92455300342631	0.0232251547752172	0.00334281755208333
"372"	10000	2	50	40	0.932618065802835	6.89116720709335	0.0124472222959326	0.00180300079374997
"373"	10000	2	50	60	0.931074390844765	6.87976090622965	0.0084882532116833	0.00123228022320431
"374"	10000	2	50	80	0.930295645472173	6.87400671298479	0.00643811732432328	0.00093571236789265
"375"	10000	2	50	100	0.929826208518035	6.87053801699575	0.00518518081934905	0.000754128790553515
"376"	10000	3	10	20	0.999118902119938	20.0678395991847	0.000884866200146795	4.4091800735669e-05
"377"	10000	3	10	40	0.995188481672863	19.9888949941714	0.00241604822540783	0.000120854916432643
"378"	10000	3	10	60	0.991894176949018	19.9227271150043	0.00271349680305532	0.000136182524437997
"379"	10000	3	10	80	0.989604467559993	19.8767370725277	0.0026099981332494	0.000131291944547886
"380"	10000	3	10	100	0.987984359444834	19.8441963311611	0.00241340592026545	0.000121602931293411
"381"	10000	3	20	20	0.983282572313477	19.7497584121293	0.0167889255529188	0.000849360551749624
"382"	10000	3	20	40	0.969427156955726	19.4714649553751	0.0153517991953147	0.00078780435966865
"383"	10000	3	20	60	0.963541100293715	19.3532403469583	0.0122049429371564	0.000630243340881233
"384"	10000	3	20	80	0.960375120673402	19.2896499463964	0.00994858720989058	0.000515481562612152
"385"	10000	3	20	100	0.958407796824917	19.2501351905978	0.00835401732589863	0.000433783628388745
"386"	10000	3	30	20	0.968654300865879	19.4559417258462	0.0314797598670757	0.00161538866956587
"387"	10000	3	30	40	0.95507400970038	19.1831742862139	0.0225590659243447	0.00117460060028549
"388"	10000	3	30	60	0.949879435419956	19.0788384727042	0.0167783075080579	0.000878647058179571
"389"	10000	3	30	80	0.947164327802558	19.0243040784045	0.0132654105597894	0.000696801688234367
"390"	10000	3	30	100	0.945498850760651	18.9908520777846	0.010946848454031	0.000576095373734065
"391"	10000	3	40	20	0.958544320465235	19.2528773412163	0.0416329790985678	0.00215776292880225
"392"	10000	3	40	40	0.946251713990252	19.0059737399808	0.0269890795801711	0.00141801777453341
"393"	10000	3	40	60	0.941729771457667	18.9151480962781	0.0195064804484936	0.00103019996321823
"394"	10000	3	40	80	0.939392991098731	18.8682126080973	0.0152165539386299	0.000805815183675535
"395"	10000	3	40	100	0.937967270064265	18.8395762356173	0.0124596068757033	0.000660915721771491
"396"	10000	3	50	20	0.951306077294698	19.1074933407555	0.04890217912161	0.00255278604322343
"397"	10000	3	50	40	0.940274712611533	18.8859224580986	0.0299903616272264	0.0015854567481381
"398"	10000	3	50	60	0.936300843171573	18.8061051567344	0.0213238627742215	0.00113259557383677
"399"	10000	3	50	80	0.934260400255027	18.7651217651944	0.0165051894749154	0.000878794447081275
"400"	10000	3	50	100	0.933019342991017	18.7401944636944	0.0134534245949331	0.000717376409916177
"401"	10000	4	10	20	0.999998583800326	54.598072711262	3.86609411261894e-06	7.08100789437398e-08
"402"	10000	4	10	40	0.999758350594851	54.5849564226665	0.000329840261944133	6.04265882852287e-06
"403"	10000	4	10	60	0.998774370177919	54.5312329122332	0.00111528534851757	2.04518122798722e-05
"404"	10000	4	10	80	0.997334780154647	54.4526339601563	0.00181895091234867	3.34031620025503e-05
"405"	10000	4	10	100	0.995821943137066	54.3700358576948	0.00228114175449463	4.19541023884955e-05
"406"	10000	4	20	20	0.9988836187198	54.5371976805137	0.00304761763152698	5.58783264517262e-05
"407"	10000	4	20	40	0.989836753799212	54.0432555922498	0.0138723610223605	0.000256624085437021
"408"	10000	4	20	60	0.98111860628827	53.5672608664363	0.0171814861117984	0.000320643182190014
"409"	10000	4	20	80	0.975068224018123	53.236921187493	0.0170153605706405	0.000319513667412802
"410"	10000	4	20	100	0.970866703221439	53.0075259246683	0.0159062410847597	0.000299985127990891
"411"	10000	4	30	20	0.993486186192577	54.2425078495986	0.0177821091772815	0.000327718653748282
"412"	10000	4	30	40	0.976491514545583	53.314630217252	0.0320879953973062	0.000601498957619058
"413"	10000	4	30	60	0.966339855930941	52.7603684371245	0.0306296932669955	0.000580206746448352
"414"	10000	4	30	80	0.960304502657813	52.4308493136152	0.0270912589941128	0.000516437715594546
"415"	10000	4	30	100	0.956381181556192	52.2166432394807	0.0238150679366351	0.000455874023855064
"416"	10000	4	40	20	0.985999786469135	53.83376427429	0.03821928794271	0.000709446458353611
"417"	10000	4	40	40	0.966149135436717	52.7499554509665	0.0462048645544441	0.000875155774175891
"418"	10000	4	40	60	0.956385353006708	52.2168709929619	0.0396879840030398	0.000759483302766539
"419"	10000	4	40	80	0.950890375478068	51.9168553854244	0.0335161830964979	0.000645157716577466
"420"	10000	4	40	100	0.947402021126186	51.7263976911516	0.0287175234199262	0.000554873142507098
"421"	10000	4	50	20	0.978677664383529	53.4339899540991	0.0582080039522579	0.00108815876285182
"422"	10000	4	50	40	0.958375788145957	52.3255450693258	0.0568151240954609	0.00108462321830616
"423"	10000	4	50	60	0.949338555026032	51.8321288595596	0.0461003528930768	0.000888626184681165
"424"	10000	4	50	80	0.944392612206827	51.5620895314614	0.0379507562710358	0.000735479198454394
"425"	10000	4	50	100	0.941291628222984	51.3927815426611	0.0320536849048312	0.000623311377916657
"426"	10000	5	10	20	1	148.413159102577	0	0
"427"	10000	5	10	40	0.99999996405125	148.413153767309	1.3338168792232e-07	8.98718775369275e-10
"428"	10000	5	10	60	0.999996204458872	148.412595794327	9.38847082171085e-06	6.32592549005334e-08
"429"	10000	5	10	80	0.999960570388119	148.407307229315	7.31484157684526e-05	4.92889340019836e-07
"430"	10000	5	10	100	0.999843741345076	148.389968261962	0.000231908406143526	1.56282831263297e-06
"431"	10000	5	20	20	0.999999830443433	148.413133938151	1.25822128452431e-06	8.47782969384417e-09
"432"	10000	5	20	40	0.999806948701959	148.384507749566	0.000716283825277668	4.8271910491336e-06
"433"	10000	5	20	60	0.99826297907008	148.15536233894	0.00429661272727983	2.89998826784656e-05
"434"	10000	5	20	80	0.99517644821495	147.697280544062	0.00894848198142701	6.05829695906e-05
"435"	10000	5	20	100	0.99146498864129	147.146451103854	0.0126670799872258	8.60774387856907e-05
"436"	10000	5	30	20	0.999974271238743	148.409340615839	0.000190924336897813	1.28646950715648e-06
"437"	10000	5	30	40	0.99774779097107	148.078901645634	0.00835643642357068	5.64291386834933e-05
"438"	10000	5	30	60	0.991540797945539	147.157702202187	0.0209242816731598	0.0001421692957262
"439"	10000	5	30	80	0.984678396270157	146.139231490513	0.0284240951507978	0.00019446227714954
"440"	10000	5	30	100	0.978734317101921	145.257051923199	0.0315610717937747	0.000217230181658231
"441"	10000	5	40	20	0.999719747056555	148.371565877892	0.00207966123422442	1.4016378897127e-05
"442"	10000	5	40	40	0.993259444653631	147.412771989516	0.0250096778265108	0.00016962869044611
"443"	10000	5	40	60	0.983257461480969	145.928346069571	0.0414135505500988	0.00028371322017571
"444"	10000	5	40	80	0.97483924357859	144.678971756665	0.046677341823898	0.000322522939884229
"445"	10000	5	40	100	0.968434607318027	143.728439456332	0.0468471964624498	0.000325836223686913
"446"	10000	5	50	20	0.998898670723825	148.249707345487	0.00817258785446685	5.51241381445716e-05
"447"	10000	5	50	40	0.987667748929864	146.582890762412	0.0457567085041246	0.000312058450332502
"448"	10000	5	50	60	0.975611034613148	144.793515702271	0.0603273900051013	0.000416470759196021
"449"	10000	5	50	80	0.966821674554485	143.489059009474	0.0615512511637788	0.000428777356306762
"450"	10000	5	50	100	0.960552231850207	142.55859121192	0.0585456789065675	0.000410509425325123
"451"	1e+05	0	10	20	1	1	0	0
"452"	1e+05	0	10	40	1	1	0	0
"453"	1e+05	0	10	60	1	1	0	0
"454"	1e+05	0	10	80	1	1	0	0
"455"	1e+05	0	10	100	1	1	0	0
"456"	1e+05	0	20	20	0.999257186125476	0.999257186125476	3.71406937262009e-05	3.71669214258639e-05
"457"	1e+05	0	20	40	0.99885026843821	0.99885026843821	2.87432890447442e-05	2.87755460944579e-05
"458"	1e+05	0	20	60	0.998672497052875	0.998672497052875	2.21250491187467e-05	2.21539684194746e-05
"459"	1e+05	0	20	80	0.99857411581879	0.99857411581879	1.78235522651268e-05	1.78486842947608e-05
"460"	1e+05	0	20	100	0.998511802557735	0.998511802557735	1.48819744226536e-05	1.49039326171101e-05
"461"	1e+05	0	30	20	0.989706862166253	0.989706862166254	0.000514656891687326	0.000519739151070915
"462"	1e+05	0	30	40	0.987423607587481	0.987423607587481	0.000314409810312971	0.000318312958269326
"463"	1e+05	0	30	60	0.986605727379862	0.986605727379862	0.000223237877002306	0.000226217394160293
"464"	1e+05	0	30	80	0.986187302364298	0.986187302364298	0.000172658720446275	0.000175046359603237
"465"	1e+05	0	30	100	0.985933390798906	0.985933390798906	0.000140666092010939	0.00014265266490679
"466"	1e+05	0	40	20	0.981503856167374	0.981503856167374	0.000924807191631299	0.00094134793305939
"467"	1e+05	0	40	40	0.979573179261662	0.979573179261662	0.000510670518458456	0.000521047784404389
"468"	1e+05	0	40	60	0.978928279288552	0.978928279288552	0.000351195345190799	0.000358626269913548
"469"	1e+05	0	40	80	0.978605949583266	0.978605949583266	0.000267425630209178	0.000273197368506276
"470"	1e+05	0	40	100	0.978412635213302	0.978412635213302	0.000215873647866982	0.000220587941095436
"471"	1e+05	0	50	20	0.976343390331611	0.976343390331611	0.00118283048341945	0.00121002430240004
"472"	1e+05	0	50	40	0.974564418416112	0.974564418416112	0.000635889539597201	0.000652060437645064
"473"	1e+05	0	50	60	0.973964741166208	0.973964741166208	0.000433920980563196	0.000445321814797233
"474"	1e+05	0	50	80	0.973663714408047	0.973663714408047	0.000329203569899408	0.000337993802442475
"475"	1e+05	0	50	100	0.97348273274523	0.97348273274523	0.000265172672547695	0.000272321687237854
"476"	1e+05	1	10	20	1	2.71828182845905	0	0
"477"	1e+05	1	10	40	1	2.71828182845905	0	0
"478"	1e+05	1	10	60	1	2.71828182845905	0	0
"479"	1e+05	1	10	80	1	2.71828182845905	0	0
"480"	1e+05	1	10	100	1	2.71828182845905	0	0
"481"	1e+05	1	20	20	0.999842099783578	2.71785261117003	2.14608644505338e-05	7.8961952915166e-06
"482"	1e+05	1	20	40	0.999459668747818	2.71681305583489	3.67193156038941e-05	1.35154015285443e-05
"483"	1e+05	1	20	60	0.999193199271437	2.7160887166994	3.65518626606814e-05	1.34573552566786e-05
"484"	1e+05	1	20	80	0.999016315569349	2.71560789694627	3.34241439097162e-05	1.23080112421836e-05
"485"	1e+05	1	20	100	0.99889293957836	2.71527252623189	3.00930222715171e-05	1.10827507984296e-05
"486"	1e+05	1	30	20	0.995360267314183	2.70566972741028	0.000630605052438247	0.000233013699504814
"487"	1e+05	1	30	40	0.991172979923688	2.69428750018616	0.000599858206822066	0.00022259119846099
"488"	1e+05	1	30	60	0.989298854832126	2.68919310000551	0.000484812140892217	0.000180249143848354
"489"	1e+05	1	30	80	0.988274339359095	2.6864081782122	0.000398420628085629	0.00014828779572657
"490"	1e+05	1	30	100	0.987633439372969	2.68466603142605	0.000336157970329967	0.000125198397102812
"491"	1e+05	1	40	20	0.987793454317653	2.68510099714247	0.0016590415658289	0.000617487807592414
"492"	1e+05	1	40	40	0.982877640596422	2.67173843003195	0.00116358496067729	0.000435326455721387
"493"	1e+05	1	40	60	0.981142304392778	2.66702129716332	0.000854342188262046	0.000320233138179443
"494"	1e+05	1	40	80	0.980267773493732	2.66464407571202	0.000670471909337837	0.000251554515370876
"495"	1e+05	1	40	100	0.979742095882218	2.66321513581301	0.000550666926460335	0.000206724977809242
"496"	1e+05	1	50	20	0.982175085675705	2.66982868775747	0.00242265703507855	0.000906597741937566
"497"	1e+05	1	50	40	0.977601082906101	2.65739525914554	0.00152216423283767	0.000572475180858996
"498"	1e+05	1	50	60	0.976011676264699	2.65307480395418	0.00108678374174769	0.000409464045740757
"499"	1e+05	1	50	80	0.975206874744723	2.65088712660692	0.000842433773151613	0.000317692190688883
"500"	1e+05	1	50	100	0.974720963256131	2.64956628223724	0.000687155462218082	0.000259279151360923
"501"	1e+05	2	10	20	1	7.38905609893065	0	0
"502"	1e+05	2	10	40	1	7.38905609893065	0	0
"503"	1e+05	2	10	60	1	7.38905609893065	0	0
"504"	1e+05	2	10	80	1	7.38905609893065	0	0
"505"	1e+05	2	10	100	1	7.38905609893065	0	0
"506"	1e+05	2	20	20	0.999998058683665	7.38904175443534	7.17224765343341e-07	9.70659957760672e-08
"507"	1e+05	2	20	40	0.999935951501427	7.38858284098164	1.18314487252043e-05	1.60131246194245e-06
"508"	1e+05	2	20	60	0.999800535288215	7.38758224298551	2.45642657523283e-05	3.32506404214926e-06
"509"	1e+05	2	20	80	0.999651159173352	7.38647849449295	3.22200554712212e-05	4.36201296070156e-06
"510"	1e+05	2	20	100	0.999513957404997	7.3854647029297	3.59139600094831e-05	4.86276582623964e-06
"511"	1e+05	2	30	20	0.999666042975685	7.38658847174335	0.000123381359364914	1.67031504434668e-05
"512"	1e+05	2	30	40	0.997210466826372	7.36844408182088	0.000515300427744208	6.99285205704261e-05
"513"	1e+05	2	30	60	0.99473044472452	7.35011905938372	0.000648950659115588	8.82833818492126e-05
"514"	1e+05	2	30	80	0.992920400728009	7.33674454275196	0.000653894452233645	8.91180243011038e-05
"515"	1e+05	2	30	100	0.991623896101463	7.32716459733389	0.000618915015967587	8.44614220554551e-05
"516"	1e+05	2	40	20	0.997613872603127	7.37142486973596	0.000881561459734639	0.000119577430477434
"517"	1e+05	2	40	40	0.990841137057418	7.3213807468455	0.00169188380212879	0.000231034688232932
"518"	1e+05	2	40	60	0.986919432876132	7.29240305464656	0.00161088407140149	0.000220850149853789
"519"	1e+05	2	40	80	0.984708021319812	7.27606281059909	0.00141241610414448	0.000194080510087057
"520"	1e+05	2	40	100	0.98332730534284	7.26586062278855	0.00123195476142098	0.000169525122774248
"521"	1e+05	2	50	20	0.993981376815389	7.34458415458123	0.00222359721747093	0.000302661685536352
"522"	1e+05	2	50	40	0.985224459576411	7.27987880184874	0.00272943242704783	0.000374787759995339
"523"	1e+05	2	50	60	0.98134172925406	7.25118908967986	0.00229778348751318	0.000316783297149584
"524"	1e+05	2	50	80	0.979280286168092	7.2359569710729	0.00191373909822192	0.000264406366852148
"525"	1e+05	2	50	100	0.978012657126657	7.2265903889731	0.00162465709957556	0.000224766016121545
"526"	1e+05	3	10	20	1	20.0855369231877	0	0
"527"	1e+05	3	10	40	1	20.0855369231877	0	0
"528"	1e+05	3	10	60	1	20.0855369231877	0	0
"529"	1e+05	3	10	80	1	20.0855369231877	0	0
"530"	1e+05	3	10	100	1	20.0855369231877	0	0
"531"	1e+05	3	20	20	1	20.0855369231877	0	0
"532"	1e+05	3	20	40	0.999999847515259	20.0855338604498	7.65684472503863e-08	3.81211908483391e-09
"533"	1e+05	3	20	60	0.999996233547007	20.085461271957	1.26085384428098e-06	6.27744490434959e-08
"534"	1e+05	3	20	80	0.999981535023133	20.085166044213	4.63598718314791e-06	2.30816419584526e-07
"535"	1e+05	3	20	100	0.999952581445267	20.0845844960557	9.52427131933928e-06	4.74207808716474e-07
"536"	1e+05	3	30	20	0.999999889710788	20.0855347079696	1.10760902200999e-07	5.51446118814372e-09
"537"	1e+05	3	30	40	0.999934036343837	20.0842120077362	3.31228862864067e-05	1.6491974714999e-06
"538"	1e+05	3	30	60	0.999494622926471	20.0753861533172	0.000169179497841744	8.42713912701619e-06
"539"	1e+05	3	30	80	0.998661832749657	20.0586591154715	0.000335972596452081	1.67492237261643e-05
"540"	1e+05	3	30	100	0.997657447021231	20.0384854888381	0.000470514343495915	2.3479982860445e-05
"541"	1e+05	3	40	20	0.999992402327912	20.0853843198644	7.63016616248912e-06	3.79886346329303e-07
"542"	1e+05	3	40	40	0.999221582396529	20.0699019876715	0.000390873387904275	1.94752209452136e-05
"543"	1e+05	3	40	60	0.996853711290923	20.0223420251505	0.00105324830061964	5.26008844272346e-05
"544"	1e+05	3	40	80	0.994115825107412	19.9673501111201	0.00147733515084451	7.39820680417762e-05
"545"	1e+05	3	40	100	0.991732621117413	19.9194821793835	0.00166054743804185	8.33560333768463e-05
"546"	1e+05	3	50	20	0.999920764458337	20.08394543479	7.95744198846051e-05	3.96207532345309e-06
"547"	1e+05	3	50	40	0.99728926449709	20.031090345155	0.00136116445081709	6.79479718278312e-05
"548"	1e+05	3	50	60	0.992721852792702	19.9393514287231	0.00243642490774285	0.00012217685423322
"549"	1e+05	3	50	80	0.988932728892953	19.8632448407281	0.00277865103074411	0.000139869512985162
"550"	1e+05	3	50	100	0.986176771585799	19.8078899584766	0.00277646964711087	0.000140150239628957
"551"	1e+05	4	10	20	1	54.5981500331442	0	0
"552"	1e+05	4	10	40	1	54.5981500331442	0	0
"553"	1e+05	4	10	60	1	54.5981500331442	0	0
"554"	1e+05	4	10	80	1	54.5981500331442	0	0
"555"	1e+05	4	10	100	1	54.5981500331442	0	0
"556"	1e+05	4	20	20	1	54.5981500331442	0	0
"557"	1e+05	4	20	40	1	54.5981500331442	0	0
"558"	1e+05	4	20	60	1	54.5981500331442	0	0
"559"	1e+05	4	20	80	0.99999999354246	54.5981496805745	4.40712145872673e-09	8.07192456915623e-11
"560"	1e+05	4	20	100	0.999999934612281	54.5981464630957	3.57004849322048e-08	6.53877232498945e-10
"561"	1e+05	4	30	20	1	54.5981500331442	0	0
"562"	1e+05	4	30	40	1	54.5981500331442	0	0
"563"	1e+05	4	30	60	0.99999962845877	54.5981297476804	3.38091063250426e-07	6.19235608837332e-09
"564"	1e+05	4	30	80	0.999993151919915	54.5977761406403	4.67365629884476e-06	8.56015799385925e-08
"565"	1e+05	4	30	100	0.99996177445176	54.5960629889264	2.08704421788614e-05	3.82269948749815e-07
"566"	1e+05	4	40	20	1	54.5981500331442	0	0
"567"	1e+05	4	40	40	0.99999975763439	54.5981368004303	3.30817848325155e-07	6.05914167968595e-09
"568"	1e+05	4	40	60	0.999981444095625	54.5971369150932	1.68853008511614e-05	3.09270716068711e-07
"569"	1e+05	4	40	80	0.99984562895251	54.5897216595326	0.000105354670145218	1.92993229522063e-06
"570"	1e+05	4	40	100	0.99947071939791	54.5692522914217	0.000288977417225554	5.29558084063591e-06
"571"	1e+05	4	50	20	1	54.5981500331442	0	0
"572"	1e+05	4	50	40	0.999994764282008	54.5978641726278	7.14651291198003e-06	1.30893617998521e-07
"573"	1e+05	4	50	60	0.999841216061697	54.5894807238579	0.000144488488105181	2.64681223846365e-06
"574"	1e+05	4	50	80	0.999189665614459	54.5539072747854	0.000553034479485026	1.01372917328834e-05
"575"	1e+05	4	50	100	0.997957807071481	54.4866500772364	0.00111499955907884	2.04633013944939e-05
"576"	1e+05	5	10	20	1	148.413159102577	0	0
"577"	1e+05	5	10	40	1	148.413159102577	0	0
"578"	1e+05	5	10	60	1	148.413159102577	0	0
"579"	1e+05	5	10	80	1	148.413159102577	0	0
"580"	1e+05	5	10	100	1	148.413159102577	0	0
"581"	1e+05	5	20	20	1	148.413159102577	0	0
"582"	1e+05	5	20	40	1	148.413159102577	0	0
"583"	1e+05	5	20	60	1	148.413159102577	0	0
"584"	1e+05	5	20	80	1	148.413159102577	0	0
"585"	1e+05	5	20	100	1	148.413159102577	0	0
"586"	1e+05	5	30	20	1	148.413159102577	0	0
"587"	1e+05	5	30	40	1	148.413159102577	0	0
"588"	1e+05	5	30	60	1	148.413159102577	0	0
"589"	1e+05	5	30	80	1	148.413159102577	0	0
"590"	1e+05	5	30	100	1	148.413159102577	0	0
"591"	1e+05	5	40	20	1	148.413159102577	0	0
"592"	1e+05	5	40	40	1	148.413159102577	0	0
"593"	1e+05	5	40	60	1	148.413159102577	0	0
"594"	1e+05	5	40	80	1	148.413159102577	0	0
"595"	1e+05	5	40	100	0.999999925009946	148.413147973066	1.11295108730535e-07	7.49900599556533e-10
"596"	1e+05	5	50	20	1	148.413159102577	0	0
"597"	1e+05	5	50	40	1	148.413159102577	0	0
"598"	1e+05	5	50	60	0.999999999807294	148.413159073976	4.76668893282949e-10	3.21176973966185e-12
"599"	1e+05	5	50	80	0.999999885536299	148.413142114657	2.12348993485289e-07	1.4307964251401e-09
"600"	1e+05	5	50	100	0.999997897574527	148.41284707497	3.12027606265961e-06	2.1024298492716e-08
